time,risk_set,failures,survival,se,lower95,upper95,
0.007107,200,1,1.000000,0.000000,1.000000,1.000000
0.007936,199,1,0.995000,0.004987,0.965040,0.999294
0.008032,198,1,0.990000,0.007036,0.960610,0.997490
0.009498,197,1,0.985000,0.008595,0.954219,0.995138
0.015388,196,1,0.980000,0.009899,0.947593,0.992446
0.041643,195,1,0.975000,0.011040,0.940984,0.989518
0.048403,194,1,0.970000,0.012062,0.934446,0.986410
0.053878,193,1,0.965000,0.012995,0.927989,0.983160
0.056602,192,1,0.960000,0.013856,0.921610,0.979793
0.060493,191,1,0.955000,0.014659,0.915304,0.976329
0.064295,190,1,0.950000,0.015411,0.909065,0.972781
0.070548,189,1,0.945000,0.016121,0.902886,0.969160
0.070850,188,1,0.940000,0.016793,0.896763,0.965474
0.077981,186,1,0.935000,0.017432,0.890690,0.961731
0.086628,185,1,0.929973,0.018049,0.884619,0.957919
0.088239,184,1,0.924946,0.018638,0.878592,0.954060
0.090754,183,1,0.919919,0.019203,0.872607,0.950158
0.094090,181,1,0.914892,0.019745,0.866659,0.946215
0.094367,180,1,0.909838,0.020272,0.860704,0.942217
0.097019,179,1,0.904783,0.020780,0.854783,0.938185
0.099336,178,1,0.899729,0.021270,0.848895,0.934119
0.103765,177,1,0.894674,0.021743,0.843036,0.930024
0.103961,176,1,0.889619,0.022200,0.837205,0.925899
0.123730,173,1,0.884565,0.022642,0.831401,0.921748
0.125379,172,1,0.879451,0.023081,0.825538,0.917531
0.129723,171,1,0.874338,0.023506,0.819701,0.913289
0.129784,170,1,0.869225,0.023918,0.813887,0.909023
0.131486,169,1,0.864112,0.024318,0.808098,0.904735
0.136791,168,1,0.858999,0.024706,0.802330,0.900425
0.137231,167,1,0.853886,0.025082,0.796583,0.896094
0.143992,166,1,0.848773,0.025448,0.790856,0.891744
0.149462,165,1,0.843660,0.025803,0.785149,0.887374
0.160080,164,1,0.838547,0.026149,0.779461,0.882987
0.165453,163,1,0.833434,0.026484,0.773790,0.878581
0.166031,162,1,0.828321,0.026811,0.768137,0.874159
0.167763,160,1,0.823207,0.027129,0.762500,0.869720
0.176277,159,1,0.818062,0.027443,0.756837,0.865242
0.181485,157,1,0.812917,0.027748,0.751190,0.860748
0.185291,156,1,0.807740,0.028050,0.745515,0.856215
0.199629,154,1,0.802562,0.028344,0.739856,0.851667
0.202409,153,1,0.797350,0.028635,0.734168,0.847080
0.213657,151,1,0.792139,0.028919,0.728495,0.842478
0.230456,149,1,0.786893,0.029199,0.722792,0.837836
0.230818,148,1,0.781612,0.029477,0.717058,0.833154
0.238252,146,1,0.776331,0.029747,0.711339,0.828458
0.241466,145,1,0.771013,0.030015,0.705588,0.823721
0.242044,144,1,0.765696,0.030275,0.699852,0.818970
0.245648,143,1,0.760379,0.030528,0.694129,0.814207
0.245906,142,1,0.755061,0.030774,0.688421,0.809430
0.249704,141,1,0.749744,0.031013,0.682726,0.804641
0.250633,139,1,0.744427,0.031246,0.677045,0.799840
0.259838,137,1,0.739071,0.031477,0.671328,0.794997
0.262744,135,1,0.733676,0.031706,0.665574,0.790112
0.266572,133,1,0.728242,0.031934,0.659784,0.785183
0.271737,131,1,0.722766,0.032159,0.653956,0.780211
0.278903,130,1,0.717249,0.032384,0.648089,0.775195
0.288909,129,1,0.711732,0.032601,0.642235,0.770166
0.289848,128,1,0.706214,0.032812,0.636396,0.765125
0.293726,127,1,0.700697,0.033016,0.630569,0.760072
0.302284,125,1,0.695180,0.033214,0.624756,0.755007
0.312068,123,1,0.689618,0.033411,0.618900,0.749896
0.325024,122,1,0.684012,0.033606,0.613002,0.744738
0.327228,121,1,0.678405,0.033795,0.607117,0.739569
0.328274,120,1,0.672798,0.033978,0.601245,0.734387
0.329515,119,1,0.667192,0.034154,0.595386,0.729195
0.335843,118,1,0.661585,0.034324,0.589539,0.723991
0.343053,116,1,0.655978,0.034488,0.583705,0.718775
0.343771,115,1,0.650323,0.034651,0.577824,0.713511
0.359364,113,1,0.644668,0.034809,0.571956,0.708235
0.363852,112,1,0.638963,0.034965,0.566039,0.702908
0.368910,111,1,0.633258,0.035115,0.560135,0.697570
0.370782,110,1,0.627553,0.035259,0.554243,0.692221
0.370883,109,1,0.621848,0.035397,0.548364,0.686860
0.373227,108,1,0.616143,0.035529,0.542496,0.681489
0.418858,107,1,0.610438,0.035655,0.536641,0.676108
0.427463,106,1,0.604733,0.035776,0.530798,0.670715
0.429501,105,1,0.599028,0.035890,0.524966,0.665312
0.435633,104,1,0.593323,0.035999,0.519146,0.659898
0.436386,102,1,0.587618,0.036102,0.513337,0.654474
0.454202,101,1,0.581857,0.036205,0.507473,0.648994
0.458387,100,1,0.576096,0.036302,0.501622,0.643504
0.466350,99,1,0.570335,0.036393,0.495781,0.638003
0.482742,98,1,0.564574,0.036478,0.489953,0.632491
0.484779,97,1,0.558813,0.036558,0.484136,0.626969
0.503523,95,1,0.553052,0.036632,0.478330,0.621437
0.505274,94,1,0.547231,0.036707,0.472465,0.615844
0.510168,93,1,0.541409,0.036775,0.466611,0.610241
0.522803,91,1,0.535587,0.036837,0.460770,0.604627
0.527448,90,1,0.529702,0.036900,0.454865,0.598950
0.531014,89,1,0.523816,0.036956,0.448972,0.593262
0.550903,88,1,0.517931,0.037007,0.443092,0.587563
0.574669,86,1,0.512045,0.037051,0.437223,0.581853
0.589699,84,1,0.506091,0.037096,0.431288,0.576076
0.590524,83,1,0.500066,0.037140,0.425282,0.570229
0.617211,80,1,0.494041,0.037178,0.419290,0.564370
0.624228,79,1,0.487866,0.037223,0.413137,0.558375
0.645074,78,1,0.481690,0.037260,0.406998,0.552368
0.651903,77,1,0.475515,0.037291,0.400873,0.546347
0.653976,76,1,0.469339,0.037314,0.394763,0.540314
0.656187,75,1,0.463164,0.037331,0.388668,0.534268
0.679985,73,1,0.456988,0.037340,0.382586,0.528210
0.681400,72,1,0.450728,0.037350,0.376422,0.522069
0.706871,71,1,0.444468,0.037352,0.370273,0.515914
0.715232,70,1,0.438208,0.037347,0.364140,0.509746
0.731533,69,1,0.431948,0.037334,0.358021,0.503565
0.742595,67,1,0.425688,0.037314,0.351918,0.497371
0.746003,66,1,0.419334,0.037295,0.345723,0.491085
0.749044,65,1,0.412981,0.037267,0.339545,0.484784
0.782043,64,1,0.406627,0.037231,0.333383,0.478470
0.804383,61,1,0.400274,0.037188,0.327237,0.472141
0.826971,58,1,0.393712,0.037152,0.320871,0.465624
0.845854,57,1,0.386924,0.037127,0.314266,0.458905
0.856429,56,1,0.380135,0.037091,0.307683,0.452166
0.877580,54,1,0.373347,0.037044,0.301121,0.445409
0.920730,53,1,0.366433,0.036998,0.294438,0.438531
0.974034,50,1,0.359520,0.036940,0.287778,0.431632
0.987839,49,1,0.352329,0.036895,0.280827,0.424487
1.009101,48,1,0.345139,0.036836,0.273904,0.417318
1.023955,47,1,0.337948,0.036763,0.267009,0.410126
1.050071,46,1,0.330758,0.036678,0.260142,0.402910
1.078424,45,1,0.323568,0.036578,0.253303,0.395670
1.086098,44,1,0.316377,0.036465,0.246492,0.388406
1.097952,43,1,0.309187,0.036338,0.239710,0.381118
1.139733,42,1,0.301996,0.036198,0.232957,0.373804
1.147011,41,1,0.294806,0.036043,0.226233,0.366466
1.149169,40,1,0.287616,0.035874,0.219539,0.359102
1.155179,39,1,0.280425,0.035690,0.212874,0.351713
1.179429,38,1,0.273235,0.035492,0.206239,0.344297
1.184536,37,1,0.266044,0.035279,0.199635,0.336855
1.263551,36,1,0.258854,0.035051,0.193063,0.329386
1.283296,35,1,0.251664,0.034807,0.186522,0.321888
1.304177,34,1,0.244473,0.034547,0.180013,0.314363
1.332057,33,1,0.237283,0.034271,0.173537,0.306809
1.342638,32,1,0.230093,0.033978,0.167096,0.299225
1.358550,30,1,0.222902,0.033669,0.160688,0.291610
1.462156,28,1,0.215472,0.033356,0.154060,0.283764
1.467008,27,1,0.207777,0.033041,0.147190,0.275663
1.499524,26,1,0.200081,0.032701,0.140368,0.267519
1.521540,25,1,0.192386,0.032336,0.133598,0.259330
1.582501,23,1,0.184690,0.031945,0.126881,0.251097
1.607284,21,1,0.176660,0.031549,0.119864,0.242544
1.629939,20,1,0.168248,0.031148,0.112505,0.233632
1.692910,19,1,0.159836,0.030706,0.105231,0.224648
1.768141,18,1,0.151423,0.030220,0.098046,0.215589
1.778010,17,1,0.143011,0.029689,0.090952,0.206453
1.874030,15,1,0.134598,0.029110,0.083954,0.197234
1.900958,13,1,0.125625,0.028519,0.076480,0.187499
1.933594,12,1,0.115962,0.027914,0.068429,0.177148
