time,risk_set,failures,s(t),std(s(t)),lower95,upper95,
1.000000,1.000000,1.000000
0.985175,0.995000,1.004825
0.976106,0.990000,1.003894
0.967983,0.985000,1.002017
0.960350,0.980000,0.999650
0.953030,0.975000,0.996970
0.945933,0.970000,0.994067
0.939004,0.965000,0.990996
0.932209,0.960000,0.987791
0.925523,0.955000,0.984477
0.918928,0.950000,0.981072
0.912411,0.945000,0.977589
0.905961,0.940000,0.974039
0.899380,0.935000,0.970620
0.893008,0.929973,0.966939
0.886683,0.924946,0.963210
0.880400,0.919919,0.959438
0.873931,0.914892,0.955854
0.867688,0.909838,0.951987
0.861478,0.904783,0.948088
0.855298,0.899729,0.944159
0.849145,0.894674,0.940203
0.843018,0.889619,0.936220
0.836363,0.884565,0.932766
0.830212,0.879451,0.928691
0.824083,0.874338,0.924594
0.817974,0.869225,0.920477
0.811883,0.864112,0.916341
0.805811,0.858999,0.912187
0.799755,0.853886,0.908017
0.793716,0.848773,0.903830
0.787692,0.843660,0.899628
0.781682,0.838547,0.895411
0.775686,0.833434,0.891181
0.769704,0.828321,0.886938
0.763361,0.823207,0.883054
0.757366,0.818062,0.878759
0.750989,0.812917,0.874846
0.744978,0.807740,0.870501
0.738565,0.802562,0.866559
0.732536,0.797350,0.862164
0.726082,0.792139,0.858195
0.719584,0.786893,0.854202
0.713505,0.781612,0.849719
0.706961,0.776331,0.845700
0.700858,0.771013,0.841168
0.694764,0.765696,0.836628
0.688678,0.760379,0.832079
0.682600,0.755061,0.827522
0.676530,0.749744,0.822958
0.669933,0.744427,0.818920
0.663284,0.739071,0.814859
0.656578,0.733676,0.810774
0.649816,0.728242,0.806667
0.642995,0.722766,0.802537
0.636741,0.717249,0.797757
0.630492,0.711732,0.792971
0.624250,0.706214,0.788178
0.618015,0.700697,0.783379
0.611115,0.695180,0.779244
0.604149,0.689618,0.775087
0.597831,0.684012,0.770193
0.591517,0.678405,0.765293
0.585210,0.672798,0.760387
0.578908,0.667192,0.755476
0.572611,0.661585,0.750559
0.565543,0.655978,0.746414
0.559202,0.650323,0.741445
0.552050,0.644668,0.737287
0.545662,0.638963,0.732264
0.539280,0.633258,0.727237
0.532902,0.627553,0.722205
0.526529,0.621848,0.717168
0.520160,0.616143,0.712126
0.513796,0.610438,0.707081
0.507435,0.604733,0.702031
0.501079,0.599028,0.696977
0.494728,0.593323,0.691919
0.487402,0.587618,0.687834
0.480996,0.581857,0.682719
0.474593,0.576096,0.677599
0.468195,0.570335,0.672476
0.461800,0.564574,0.667349
0.455409,0.558813,0.662218
0.447920,0.553052,0.658185
0.441468,0.547231,0.652993
0.435020,0.541409,0.647798
0.427393,0.535587,0.643782
0.420881,0.529702,0.638523
0.414372,0.523816,0.633261
0.407866,0.517931,0.627995
0.400069,0.512045,0.624022
0.392145,0.506091,0.620037
0.385494,0.500066,0.614638
0.375948,0.494041,0.612135
0.369137,0.487866,0.606595
0.362328,0.481690,0.601053
0.355522,0.475515,0.595507
0.348720,0.469339,0.589959
0.341919,0.463164,0.584408
0.333441,0.456988,0.580536
0.326553,0.450728,0.574904
0.319667,0.444468,0.569269
0.312784,0.438208,0.563632
0.305903,0.431948,0.557993
0.297120,0.425688,0.554256
0.290141,0.419334,0.548528
0.283164,0.412981,0.542797
0.276189,0.406627,0.537065
0.264884,0.400274,0.535663
0.252952,0.393712,0.534472
0.245503,0.386924,0.528344
0.238057,0.380135,0.522214
0.227944,0.373347,0.518750
0.220362,0.366433,0.512504
0.206853,0.359520,0.512186
0.198968,0.352329,0.505690
0.191085,0.345139,0.499193
0.183202,0.337948,0.492694
0.175321,0.330758,0.486195
0.167440,0.323568,0.479695
0.159560,0.316377,0.473194
0.151680,0.309187,0.466693
0.143801,0.301996,0.460192
0.135922,0.294806,0.453691
0.128042,0.287616,0.447189
0.120162,0.280425,0.440689
0.112281,0.273235,0.434189
0.104399,0.266044,0.427690
0.096516,0.258854,0.421192
0.088631,0.251664,0.414696
0.080744,0.244473,0.408203
0.072854,0.237283,0.401712
0.064962,0.230093,0.395224
0.051442,0.222902,0.394362
0.037007,0.215472,0.393937
0.028529,0.207777,0.387024
0.020042,0.200081,0.380120
0.011546,0.192386,0.373225
-0.005038,0.184690,0.374419
-0.023250,0.176660,0.376570
-0.032626,0.168248,0.369122
-0.042029,0.159836,0.361700
-0.051465,0.151423,0.354311
-0.060938,0.143011,0.346960
-0.084617,0.134598,0.353813
-0.112578,0.125625,0.363828
-0.123890,0.115962,0.355813
