time,risk_set,failures,survival,se,lower95,upper95,
0.007107,200,1,1.000000,0.000000,1.000000,1.000000
0.007936,199,1,0.995000,0.000025,0.994951,0.995049
0.008032,198,1,0.990000,0.000050,0.989901,0.990098
0.009498,197,1,0.985000,0.000075,0.984852,0.985147
0.015388,196,1,0.980000,0.000101,0.979802,0.980196
0.041643,195,1,0.975000,0.000126,0.974753,0.975245
0.048403,194,1,0.970000,0.000151,0.969703,0.970294
0.053878,193,1,0.965000,0.000176,0.964654,0.965343
0.056602,192,1,0.960000,0.000201,0.959604,0.960392
0.060493,191,1,0.955000,0.000226,0.954555,0.955441
0.064295,190,1,0.950000,0.000251,0.949505,0.950490
0.070548,189,1,0.945000,0.000276,0.944456,0.945539
0.070850,188,1,0.940000,0.000302,0.939406,0.940588
0.077981,186,1,0.935000,0.000330,0.934350,0.935644
0.086628,185,1,0.929973,0.000356,0.929273,0.930667
0.088239,184,1,0.924946,0.000381,0.924196,0.925690
0.090754,183,1,0.919919,0.000407,0.919119,0.920712
0.094090,181,1,0.914892,0.000437,0.914032,0.915744
0.094367,180,1,0.909838,0.000462,0.908927,0.910740
0.097019,179,1,0.904783,0.000488,0.903822,0.905735
0.099336,178,1,0.899729,0.000514,0.898717,0.900731
0.103765,177,1,0.894674,0.000540,0.893611,0.895726
0.103961,176,1,0.889619,0.000565,0.888506,0.890722
0.123730,173,1,0.884565,0.000605,0.883373,0.885744
0.125379,172,1,0.879451,0.000631,0.878209,0.880683
0.129723,171,1,0.874338,0.000657,0.873044,0.875621
0.129784,170,1,0.869225,0.000684,0.867879,0.870559
0.131486,169,1,0.864112,0.000710,0.862714,0.865497
0.136791,168,1,0.858999,0.000736,0.857549,0.860436
0.137231,167,1,0.853886,0.000763,0.852384,0.855374
0.143992,166,1,0.848773,0.000789,0.847219,0.850312
0.149462,165,1,0.843660,0.000815,0.842054,0.845251
0.160080,164,1,0.838547,0.000842,0.836889,0.840189
0.165453,163,1,0.833434,0.000868,0.831724,0.835127
0.166031,162,1,0.828321,0.000894,0.826560,0.830066
0.167763,160,1,0.823207,0.000932,0.821372,0.825026
0.176277,159,1,0.818062,0.000959,0.816174,0.819933
0.181485,157,1,0.812917,0.000998,0.810952,0.814865
0.185291,156,1,0.807740,0.001025,0.805721,0.809740
0.199629,154,1,0.802562,0.001066,0.800462,0.804642
0.202409,153,1,0.797350,0.001094,0.795197,0.799484
0.213657,151,1,0.792139,0.001136,0.789902,0.794355
0.230456,149,1,0.786893,0.001179,0.784571,0.789194
0.230818,148,1,0.781612,0.001207,0.779234,0.783967
0.238252,146,1,0.776331,0.001253,0.773864,0.778774
0.241466,145,1,0.771013,0.001281,0.768491,0.773513
0.242044,144,1,0.765696,0.001310,0.763117,0.768251
0.245648,143,1,0.760379,0.001338,0.757744,0.762990
0.245906,142,1,0.755061,0.001367,0.752370,0.757728
0.249704,141,1,0.749744,0.001395,0.746997,0.752466
0.250633,139,1,0.744427,0.001445,0.741582,0.747245
0.259838,137,1,0.739071,0.001495,0.736127,0.741988
0.262744,135,1,0.733676,0.001547,0.730630,0.736695
0.266572,133,1,0.728242,0.001601,0.725089,0.731365
0.271737,131,1,0.722766,0.001656,0.719504,0.725998
0.278903,130,1,0.717249,0.001687,0.713927,0.720541
0.288909,129,1,0.711732,0.001718,0.708349,0.715083
0.289848,128,1,0.706214,0.001749,0.702771,0.709626
0.293726,127,1,0.700697,0.001780,0.697193,0.704169
0.302284,125,1,0.695180,0.001840,0.691558,0.698769
0.312068,123,1,0.689618,0.001902,0.685874,0.693328
0.325024,122,1,0.684012,0.001933,0.680205,0.687784
0.327228,121,1,0.678405,0.001965,0.674536,0.682239
0.328274,120,1,0.672798,0.001997,0.668867,0.676695
0.329515,119,1,0.667192,0.002029,0.663198,0.671151
0.335843,118,1,0.661585,0.002061,0.657528,0.665606
0.343053,116,1,0.655978,0.002129,0.651787,0.660133
0.343771,115,1,0.650323,0.002161,0.646069,0.654541
0.359364,113,1,0.644668,0.002233,0.640273,0.649026
0.363852,112,1,0.638963,0.002266,0.634503,0.643386
0.368910,111,1,0.633258,0.002299,0.628733,0.637745
0.370782,110,1,0.627553,0.002332,0.622963,0.632105
0.370883,109,1,0.621848,0.002365,0.617194,0.626465
0.373227,108,1,0.616143,0.002398,0.611424,0.620824
0.418858,107,1,0.610438,0.002431,0.605654,0.615184
0.427463,106,1,0.604733,0.002464,0.599884,0.609544
0.429501,105,1,0.599028,0.002497,0.594114,0.603904
0.435633,104,1,0.593323,0.002530,0.588344,0.598264
0.436386,102,1,0.587618,0.002614,0.582474,0.592722
0.454202,101,1,0.581857,0.002648,0.576647,0.587028
0.458387,100,1,0.576096,0.002682,0.570820,0.581333
0.466350,99,1,0.570335,0.002716,0.564993,0.575638
0.482742,98,1,0.564574,0.002750,0.559166,0.569944
0.484779,97,1,0.558813,0.002783,0.553339,0.564249
0.503523,95,1,0.553052,0.002877,0.547393,0.558672
0.505274,94,1,0.547231,0.002912,0.541504,0.552918
0.510168,93,1,0.541409,0.002946,0.535615,0.547164
0.522803,91,1,0.535587,0.003047,0.529595,0.541540
0.527448,90,1,0.529702,0.003083,0.523640,0.535724
0.531014,89,1,0.523816,0.003118,0.517686,0.529908
0.550903,88,1,0.517931,0.003153,0.511731,0.524092
0.574669,86,1,0.512045,0.003264,0.505628,0.518423
0.589699,84,1,0.506091,0.003380,0.499447,0.512695
0.590524,83,1,0.500066,0.003417,0.493349,0.506743
0.617211,80,1,0.494041,0.003630,0.486905,0.501135
0.624228,79,1,0.487866,0.003669,0.480653,0.495037
0.645074,78,1,0.481690,0.003709,0.474401,0.488939
0.651903,77,1,0.475515,0.003748,0.468150,0.482841
0.653976,76,1,0.469339,0.003787,0.461898,0.476743
0.656187,75,1,0.463164,0.003827,0.455646,0.470645
0.679985,73,1,0.456988,0.003973,0.449183,0.464757
0.681400,72,1,0.450728,0.004014,0.442844,0.458577
0.706871,71,1,0.444468,0.004054,0.436505,0.452398
0.715232,70,1,0.438208,0.004095,0.430167,0.446218
0.731533,69,1,0.431948,0.004136,0.423828,0.440038
0.742595,67,1,0.425688,0.004303,0.417241,0.434106
0.746003,66,1,0.419334,0.004345,0.410806,0.427836
0.749044,65,1,0.412981,0.004387,0.404371,0.421566
0.782043,64,1,0.406627,0.004429,0.397937,0.415297
0.804383,61,1,0.400274,0.004772,0.390912,0.409615
0.826971,58,1,0.393712,0.005158,0.383595,0.403810
0.845854,57,1,0.386924,0.005206,0.376714,0.397119
0.856429,56,1,0.380135,0.005255,0.369833,0.390428
0.877580,54,1,0.373347,0.005503,0.362560,0.384130
0.920730,53,1,0.366433,0.005554,0.355550,0.377319
0.974034,50,1,0.359520,0.006067,0.347635,0.371413
0.987839,49,1,0.352329,0.006122,0.340340,0.364335
1.009101,48,1,0.345139,0.006178,0.333045,0.357258
1.023955,47,1,0.337948,0.006233,0.325751,0.350181
1.050071,46,1,0.330758,0.006289,0.318456,0.343104
1.078424,45,1,0.323568,0.006345,0.311161,0.336029
1.086098,44,1,0.316377,0.006401,0.303866,0.328954
1.097952,43,1,0.309187,0.006458,0.296571,0.321880
1.139733,42,1,0.301996,0.006514,0.289276,0.314806
1.147011,41,1,0.294806,0.006571,0.281981,0.307734
1.149169,40,1,0.287616,0.006628,0.274685,0.300662
1.155179,39,1,0.280425,0.006686,0.267390,0.293591
1.179429,38,1,0.273235,0.006744,0.260094,0.286522
1.184536,37,1,0.266044,0.006802,0.252799,0.279454
1.263551,36,1,0.258854,0.006860,0.245503,0.272387
1.283296,35,1,0.251664,0.006919,0.238207,0.265321
1.304177,34,1,0.244473,0.006978,0.230912,0.258257
1.332057,33,1,0.237283,0.007038,0.223616,0.251195
1.342638,32,1,0.230093,0.007098,0.216319,0.244134
1.358550,30,1,0.222902,0.007653,0.208078,0.238064
1.462156,28,1,0.215472,0.008291,0.199444,0.231927
1.467008,27,1,0.207777,0.008364,0.191628,0.224396
1.499524,26,1,0.200081,0.008438,0.183811,0.216869
1.521540,25,1,0.192386,0.008513,0.175995,0.209346
1.582501,23,1,0.184690,0.009370,0.166710,0.203416
1.607284,21,1,0.176660,0.010403,0.156786,0.197530
1.629939,20,1,0.168248,0.010504,0.148232,0.189368
1.692910,19,1,0.159836,0.010607,0.139679,0.181220
1.768141,18,1,0.151423,0.010715,0.131126,0.173088
1.778010,17,1,0.143011,0.010828,0.122574,0.164975
1.874030,15,1,0.134598,0.012509,0.111231,0.160200
1.900958,13,1,0.125625,0.014770,0.098452,0.156242
1.933594,12,1,0.115962,0.014975,0.088649,0.147241
