lower,s(t),upper
1.000000,1.000000,1.000000
0.985175,0.995000,1.004825
0.976106,0.990000,1.003894
0.967983,0.985000,1.002017
0.960350,0.980000,0.999650
0.953030,0.975000,0.996970
0.945933,0.970000,0.994067
0.939004,0.965000,0.990996
0.932209,0.960000,0.987791
0.925523,0.955000,0.984477
0.918928,0.950000,0.981072
0.912411,0.945000,0.977589
0.905961,0.940000,0.974039
0.935000,0.935000,0.935000
0.898035,0.935000,0.971965
0.891710,0.929973,0.968236
0.885428,0.924946,0.964465
0.879184,0.919919,0.960654
0.914892,0.914892,0.914892
0.871589,0.914892,0.958196
0.865408,0.909838,0.954267
0.859256,0.904783,0.950311
0.853129,0.899729,0.946328
0.847026,0.894674,0.942322
0.840946,0.889619,0.938292
0.884565,0.884565,0.884565
0.884565,0.884565,0.884565
0.832339,0.884565,0.936790
0.826267,0.879451,0.932636
0.820212,0.874338,0.928465
0.814172,0.869225,0.924278
0.808148,0.864112,0.920076
0.802139,0.858999,0.915860
0.796143,0.853886,0.911629
0.790160,0.848773,0.907386
0.784190,0.843660,0.903129
0.778233,0.838547,0.898861
0.772286,0.833434,0.894581
0.766351,0.828321,0.890290
0.823207,0.823207,0.823207
0.759229,0.823207,0.887186
0.753287,0.818062,0.882837
0.812917,0.812917,0.812917
0.746156,0.812917,0.879679
0.740205,0.807740,0.875274
0.802562,0.802562,0.802562
0.733058,0.802562,0.872065
0.727094,0.797350,0.867607
0.792139,0.792139,0.792139
0.719925,0.792139,0.864353
0.786893,0.786893,0.786893
0.712722,0.786893,0.861064
0.706716,0.781612,0.856508
0.776331,0.776331,0.776331
0.699481,0.776331,0.853180
0.693454,0.771013,0.848573
0.687433,0.765696,0.843959
0.681418,0.760379,0.839339
0.675409,0.755061,0.834714
0.669406,0.749744,0.830082
0.744427,0.744427,0.744427
0.662146,0.744427,0.826707
0.739071,0.739071,0.739071
0.654838,0.739071,0.823304
0.733676,0.733676,0.733676
0.647478,0.733676,0.819874
0.728242,0.728242,0.728242
0.640065,0.728242,0.816419
0.722766,0.722766,0.722766
0.632594,0.722766,0.812938
0.626423,0.717249,0.808075
0.620257,0.711732,0.803206
0.614095,0.706214,0.798334
0.607937,0.700697,0.793457
0.695180,0.695180,0.695180
0.600399,0.695180,0.789960
0.689618,0.689618,0.689618
0.592795,0.689618,0.786441
0.586559,0.684012,0.781464
0.580326,0.678405,0.776484
0.574097,0.672798,0.771499
0.567872,0.667192,0.766511
0.561651,0.661585,0.761519
0.655978,0.655978,0.655978
0.553953,0.655978,0.758003
0.547689,0.650323,0.752958
0.644668,0.644668,0.644668
0.539906,0.644668,0.749430
0.533597,0.638963,0.744330
0.527290,0.633258,0.739226
0.520987,0.627553,0.734119
0.514687,0.621848,0.729009
0.508391,0.616143,0.723896
0.502097,0.610438,0.718780
0.495806,0.604733,0.713660
0.489518,0.599028,0.708538
0.483233,0.593323,0.703413
0.587618,0.587618,0.587618
0.475286,0.587618,0.699950
0.468948,0.581857,0.694766
0.462612,0.576096,0.689580
0.456280,0.570335,0.684391
0.449949,0.564574,0.679199
0.443622,0.558813,0.674005
0.553052,0.553052,0.553052
0.435511,0.553052,0.670594
0.429124,0.547231,0.665337
0.422740,0.541409,0.660078
0.535587,0.535587,0.535587
0.414484,0.535587,0.656691
0.408036,0.529702,0.651367
0.401591,0.523816,0.646041
0.395148,0.517931,0.640713
0.512045,0.512045,0.512045
0.386714,0.512045,0.637376
0.506091,0.506091,0.506091
0.378143,0.506091,0.634040
0.371558,0.500066,0.628574
0.494041,0.494041,0.494041
0.494041,0.494041,0.494041
0.360612,0.494041,0.627471
0.353871,0.487866,0.621861
0.347132,0.481690,0.616249
0.340395,0.475515,0.610635
0.333659,0.469339,0.605019
0.326926,0.463164,0.599402
0.456988,0.456988,0.456988
0.317757,0.456988,0.596219
0.310937,0.450728,0.590520
0.304118,0.444468,0.584818
0.297300,0.438208,0.579116
0.290484,0.431948,0.573411
0.425688,0.425688,0.425688
0.280989,0.425688,0.570386
0.274076,0.419334,0.564592
0.267164,0.412981,0.558797
0.260254,0.406627,0.553000
0.400274,0.400274,0.400274
0.400274,0.400274,0.400274
0.247383,0.400274,0.553164
0.393712,0.393712,0.393712
0.393712,0.393712,0.393712
0.233783,0.393712,0.553641
0.226408,0.386924,0.547439
0.219034,0.380135,0.541237
0.373347,0.373347,0.373347
0.208071,0.373347,0.538624
0.200563,0.366433,0.532304
0.359520,0.359520,0.359520
0.359520,0.359520,0.359520
0.185162,0.359520,0.533877
0.177355,0.352329,0.527304
0.169548,0.345139,0.520730
0.161741,0.337948,0.514156
0.153934,0.330758,0.507582
0.146126,0.323568,0.501009
0.138319,0.316377,0.494436
0.130510,0.309187,0.487864
0.122701,0.301996,0.481292
0.114890,0.294806,0.474722
0.107079,0.287616,0.468153
0.099265,0.280425,0.461585
0.091450,0.273235,0.455019
0.083633,0.266044,0.448456
0.075813,0.258854,0.441895
0.067991,0.251664,0.435337
0.060165,0.244473,0.428782
0.052335,0.237283,0.422231
0.044501,0.230093,0.415684
0.222902,0.222902,0.222902
0.029779,0.222902,0.416026
0.215472,0.215472,0.215472
0.014030,0.215472,0.416914
0.005611,0.207777,0.409942
-0.002818,0.200081,0.402980
-0.011259,0.192386,0.396030
0.184690,0.184690,0.184690
-0.029407,0.184690,0.398788
0.176660,0.176660,0.176660
-0.049386,0.176660,0.402706
-0.058713,0.168248,0.395208
-0.068070,0.159836,0.387741
-0.077465,0.151423,0.380311
-0.086903,0.143011,0.372925
0.134598,0.134598,0.134598
-0.113014,0.134598,0.382211
0.125625,0.125625,0.125625
-0.143957,0.125625,0.395207
-0.155284,0.115962,0.387207
0.106298,0.106298,0.106298
0.106298,0.106298,0.106298
