0.060493 1 -0.191160788584014 1
1.596961 0 1.30902076603977 0
0.87758 1 -0.559843720931585 0
0.165453 1 1.73328462578899 0
0.07085 1 1.52138854888827 0
0.125379 1 2.14196007784113 0
0.454202 1 -0.808637625102322 0
0.373227 1 -1.44292924194207 0
0.131486 1 -0.339070827517663 1
0.867477 0 -0.362338538381028 1
0.122609 0 0.204800428497968 1
0.086628 1 -0.701069084740288 0
0.015388 1 -0.0917564066798888 0
0.278903 1 2.33816208793598 1
0.053878 1 -2.07274648228701 1
0.262744 1 0.235807304266524 1
0.241466 1 -0.49187277752906 1
0.436061 0 -1.82665492385229 0
0.590524 1 0.449481268866891 1
0.064295 1 -0.574171865293255 1
0.6814 1 1.01690222394491 0
1.078424 1 0.418258163826247 0
0.176277 1 -0.111685601191781 0
0.510168 1 -0.232823770720066 0
2 0 -1.27155812334024 1
0.749044 1 2.82421786209597 0
0.327228 1 1.06965131947295 1
1.499524 1 0.215827521274443 0
1.023955 1 0.635799283334968 0
0.484779 1 1.78792963831388 0
0.230818 1 0.240244814394704 0
0.46635 1 -0.305718095983222 1
0.589699 1 0.566206495703026 0
0.09409 1 -0.403557365732347 0
0.16008 1 0.97645659524087 1
0.166031 1 0.294699425363889 1
1.52154 1 -0.0991782031057113 0
0.143992 1 -1.12798534337116 1
0.522803 1 1.23432024915801 0
0.099336 1 0.520765487199815 0
0.342272 0 0.391541556443859 0
1.462156 1 0.570649818206628 0
0.363852 1 -0.983414158575718 0
0.181485 1 -0.280937878274146 1
1.77801 1 0.497860394651094 1
0.974034 1 2.11283824025793 1
0.077981 1 -0.367045900983793 0
1.95699 0 0.0686311447076241 1
0.129723 1 -2.14102253701865 1
0.458387 1 0.326198522882063 0
0.199629 1 0.990178328743219 0
0.746003 1 -0.485734547981843 0
0.266572 1 -0.874070030239832 1
2 0 -1.32860744856174 1
0.651903 1 -0.205921369571116 1
1.086098 1 -1.11977407614423 0
2 0 -0.346614971021097 0
2 0 0.258557984566604 1
0.617211 1 0.309111052644901 0
0.245906 1 -0.101750569654596 1
0.325024 1 1.14140048173644 0
0.289848 1 -0.279123257157017 1
0.645074 1 1.58195840751768 1
0.329515 1 -1.00615320373279 0
0.328274 1 -1.47047216111482 1
1.35855 1 1.19224296516735 0
1.009101 1 -0.362433394362977 1
0.435633 1 0.938685950962987 0
0.921613 0 0.800691965953486 1
0.359364 1 -0.73829841640669 1
0.259838 1 0.154811308551605 0
1.886538 0 -0.330815463753499 0
0.826971 1 -0.206807873618246 0
0.354055 0 0.316095521375752 1
0.249704 1 -0.876744504229906 0
1.768141 1 0.980795861898622 1
2 0 -0.156544424250163 0
0.653976 1 1.22547252654249 1
0.804383 1 -0.723812041688208 1
0.939729 0 -0.784825921342456 1
0.706871 1 -0.082876537085237 0
0.149462 1 0.275702998070455 1
0.103961 1 -1.12180790921904 1
0.502588 0 1.9501372894914 1
0.09326 0 -1.29305327372348 0
0.137231 1 -1.53618254073564 0
0.220704 0 1.04659305487063 1
1.352913 0 -0.0034310331300656 0
2 0 -0.567862864894936 0
1.263551 1 1.90158865280038 1
1.607284 1 -1.59881764366201 0
0.343053 1 0.083103841285378 1
0.071508 0 1.27405255171786 0
0.048403 1 -0.0639031987431503 1
0.185291 1 -0.00940100311674444 0
0.561593 0 -0.255225141672181 1
0.656187 1 -0.520152233974359 1
0.335843 1 -0.0853124814794522 1
0.608186 0 1.01829897330883 0
1.155179 1 -0.495063283077671 0
1.467008 1 0.228171107391853 1
1.933594 1 -0.702344492482446 1
0.816842 0 -0.781900819905479 0
0.343771 1 0.106488191173906 0
0.288909 1 0.800778365053967 0
0.418858 1 0.640531747386038 0
0.007936 1 -0.948426475959936 1
1.815538 0 -0.405438668121412 1
0.250633 1 -0.404029462455593 0
0.129784 1 -0.445968387858256 0
0.624228 1 1.50993277664848 1
0.436386 1 0.306060700003989 1
1.184536 1 -1.94354474557558 0
0.845854 1 0.682185201360739 1
0.009498 1 -0.941343011149284 0
1.097952 1 0.0161960545756721 0
0.370782 1 0.625019186115398 0
0.782043 1 -1.85077546573658 1
0.260661 0 1.72454500994411 0
0.429501 1 0.0946201249554758 1
0.370883 1 0.213749598038743 0
1.050071 1 -0.857652714849053 0
0.254418 0 0.0506301526829259 1
0.249882 0 0.725715527739511 1
0.2975 0 0.113277234154712 1
0.674727 0 -0.716072348055963 0
0.202409 1 0.813734782256861 0
1.629939 1 0.503669733801221 1
0.79119 0 -1.33620647892978 1
2 0 0.396844978693501 0
2 0 0.349857597780203 0
0.482742 1 0.118975030066203 0
0.505274 1 -0.359545830507147 1
0.26804 0 0.0782646113703632 0
0.230456 1 0.278621926120982 0
0.856429 1 0.284549070523469 0
1.283296 1 -1.58815648319239 0
1.69291 1 0.939506002157052 0
0.007107 1 1.51179792608912 1
0.271737 1 0.14314562760007 1
0.167763 1 -0.934022117109781 0
0.242044 1 0.390318769605247 0
0.574669 1 -0.18763024511156 0
0.302284 1 0.74172766389514 0
0.166658 0 0.795930856615489 0
1.900958 1 -1.5430332153635 0
1.342638 1 1.33521322411601 1
1.369032 0 -0.871752750820978 1
0.103765 1 -0.301851749562279 1
0.111674 0 -0.240905373452678 1
0.245648 1 0.046831225484071 1
0.176909 0 1.64389952037533 1
0.550903 1 -1.51938061126343 0
0.293726 1 0.381956135408435 0
0.12373 1 -0.0550475373678365 1
0.265433 0 0.322231299905888 1
0.427463 1 -0.307036446750958 1
1.304177 1 -1.69752598306339 1
0.503523 1 -0.550951967512717 1
0.679985 1 0.0358028622975304 0
0.097019 1 -1.00998429983323 1
1.139733 1 0.562540497188261 1
1.179429 1 -0.647708798909396 0
0.235899 0 1.91519228178664 1
0.527448 1 -1.66696379641844 1
0.92073 1 -0.264741964083374 0
0.212551 0 0.445703898987389 1
0.238252 1 -0.211008967238364 0
0.312068 1 -0.050305522697954 0
2 0 0.457167170729018 0
0.309438 0 2.43271804616213 0
0.19188 0 1.85208712188804 1
0.819757 0 -0.744836984165498 1
0.531014 1 -0.666083312350815 0
0.041643 1 -0.700490958405527 1
0.094367 1 0.892839770566367 0
0.070548 1 -0.307186903809432 1
0.731533 1 1.36332308296172 0
0.987839 1 -0.424301509638971 1
0.008032 1 -0.149721933473092 0
0.715232 1 -1.19277625302111 0
0.213657 1 1.8176031193882 0
1.582501 1 -1.09384632555016 0
0.136791 1 0.842049750033234 1
0.798574 0 0.799992655597141 1
1.87403 1 2.06247095392355 0
2 0 -0.621207841900465 0
0.513551 0 -1.32560268556536 0
0.36891 1 -0.518220098786358 1
1.567988 0 -0.0632848161076986 0
1.147011 1 1.27151692351888 0
1.332057 1 -0.914385264688325 0
0.598342 0 1.30175075779927 1
1.149169 1 0.932648496458826 0
0.056602 1 1.09699688164131 0
0.740706 0 0.817151489239087 1
0.090754 1 1.32973091891044 0
0.584376 0 -1.07913138769597 0
0.742595 1 0.0244332267300327 0
0.088239 1 0.547492262888761 1
